1112_tetrachloroethane   8   132.63536966099997   140.18766595520825 
111_trichloroethane   8   117.44889914083333   128.1894725334266 
1122_tetrachloroethane   8   131.105832151   139.48516983143907 
112_trichloro_122_trifluoroethane   8   138.13344774766665   142.44528314589576 
112_trichloroethane   8   113.54334893166666   125.64349274144067 
11_dichloroethane   8   98.28836347466667   113.72292357118687 
11_dichloroethene   6   89.31467721349998   107.27790802008101 
11_difluoroethane   8   77.80492604733332   95.92702933569856 
12_dibromoethane   8   121.42296205066668   132.34257090674086 
12_dichloroethane   8   95.70467981783334   111.6068246048849 
12_ethanediol   10   75.2954439305   93.997291119649 
1_bromo_2_chloroethane   8   108.73474593433332   122.6311979006015 
1_chloro_222_trifluoroethane   8   101.83067163316667   115.45356431294692 
222_trifluoroethanol   9   91.80849515183333   107.01051738115515 
3_chloroprop_1_ene   9   93.55937890616667   112.07899122265428 
E_12_dichloroethene   6   87.39105847483333   106.44366434168734 
Z_12_dichloroethene   6   87.11298579300001   104.74442065755139 
acetaldehyde   7   65.06452217916666   85.1846846706413 
acetic_acid   8   72.41695467866666   91.911788866096 
acetonitrile   6   64.78027973549999   85.16830528741845 
bromoethane   8   93.6419046185   108.65820021255723 
bromomethane   5   67.9174976125   85.52987703386813 
bromotrifluoromethane   5   92.41207791916665   106.77733187358841 
but_1_yne   10   95.14924458366666   114.35264040540869 
buta_13_diene   10   91.39765068016665   110.52928822611567 
chlorodifluoromethane   5   69.77686402616666   88.59865807042604 
chloroethane   8   81.02355730533333   99.04613320030322 
chloroethylene   6   70.953471431   90.41523346394492 
chlorofluoromethane   5   61.601569254833336   80.95762634796193 
chloromethane   5   54.9587169295   74.67683124818785 
cyclopropane   9   77.39186719133333   95.57961624935774 
dibromomethane   5   97.58200484700001   111.02038448160384 
dichloromethane   5   71.59781420049998   90.3305396599113 
diiodomethane   5   114.557347404   123.74716647163949 
dimethyl_ether   9   69.4749833465   89.31605287436997 
dimethyl_sulfide   9   83.10999754150001   100.82686830835867 
dimethyl_sulfoxide   10   91.40627537133334   108.31729070162693 
dimethylamine   10   71.88338677583333   91.3920126487458 
ethanamide   9   75.16828702983332   94.33626672058031 
ethane   8   65.9309217725   85.77499073686855 
ethanethiol   9   83.29145303483332   100.90038893739947 
ethanol   9   70.88228042366666   90.11656583446941 
ethene   6   54.37297035499999   74.54121929094188 
ethylamine   10   73.81575372466666   92.74403558859997 
fluoromethane   5   45.010209962833336   64.82587556037836 
halothane   8   130.95566911499998   137.20430159237924 
hexafluoropropene   9   121.95007007166666   133.47111750062453 
hydrazine   6   37.92241326866666   56.408594329195324 
imidazole   9   79.85751239433333   97.15307861828815 
iodoethane   8   102.71820624233331   115.80594161371246 
iodomethane   5   76.71979518500001   93.00722857146269 
methane   5   41.637195276166665   61.530836027792546 
methanesulfonyl_chloride   8   96.56968646600001   113.42348108202928 
methanethiol   6   57.047076287833335   76.59209718183949 
methanol   6   44.9115625915   64.9198906517272 
methyl_formate   8   71.66731571283333   91.25356368017532 
methylamine   7   47.82045455583333   67.69822707629493 
nitroethane   10   91.88250453116667   109.24345288243904 
nitromethane   7   65.8924279955   86.10096603172255 
pentachloroethane   8   150.23852914083332   152.94806517854454 
prop_2_en_1_ol   10   83.43301301866666   102.96958293215154 
propanenitrile   9   89.50898339366665   108.14221165864772 
propanone   10   89.98622650716666   107.91212543604736 
propene   9   78.88968859883332   98.4041716378755 
propionaldehyde   10   89.62399261616667   106.65422611810463 
propyne   7   70.45489933016667   91.45197752866028 
pyrrole   10   86.49136242416667   104.04858770578188 
teflurane   8   120.67345097350001   129.3003686643056 
tetrachloroethene   6   122.80861150766665   136.10796110709265 
tetrachloromethane   5   109.88900302933332   122.80832778027835 
tetrafluoromethane   5   70.286291933   87.90651125305394 
thiophene   9   96.56487984249999   111.99670833069911 
tribromomethane   5   128.13252184183335   135.46128186815895 
trichloroethene   6   105.00979210083331   121.19449137875736 
trichloromethane   5   89.84371561066666   106.8689912376298 
