1112_tetrachloroethane   8   132.63536966099997   140.18766595520825 
111_trichloroethane   8   117.44889914083333   128.1894725334266 
111_trifluoro_222_trimethoxyethane   20   177.24060198333336   175.35672444789185 
111_trifluoropropan_2_ol   12   116.38180113683333   126.62737923327941 
111_trimethoxyethane   20   159.09835907633334   163.66885337247322 
1122_tetrachloroethane   8   131.105832151   139.48516983143907 
112_trichloro_122_trifluoroethane   8   138.13344774766665   142.44528314589576 
112_trichloroethane   8   113.54334893166666   125.64349274144067 
11_diacetoxyethane   20   184.2153570675   194.58936226439175 
11_dichloroethane   8   98.28836347466667   113.72292357118687 
11_dichloroethene   6   89.31467721349998   107.27790802008101 
11_diethoxyethane   22   179.41340908216665   191.53142813578538 
11_difluoroethane   8   77.80492604733332   95.92702933569856 
1234_tetrachlorobenzene   12   177.954056158   180.97331345248662 
1235_tetrachlorobenzene   12   178.22171166066664   182.38315708926518 
123_trichlorobenzene   12   161.03648100716666   167.29227338928834 
123_trimethylbenzene   21   179.57561374683337   180.7050793255323 
1245_tetrachlorobenzene   12   178.33017685   182.63138465164482 
124_trichlorobenzene   12   161.24349870816667   168.75748740447438 
124_trimethylbenzene   21   181.63605601183332   184.97448890287245 
12_diacetoxyethane   20   179.7137386448333   197.392069368763 
12_dibromoethane   8   121.42296205066668   132.34257090674086 
12_dichlorobenzene   12   144.13927977383332   153.6962327739913 
12_dichloroethane   8   95.70467981783334   111.6068246048849 
12_dichloropropane   11   121.07547313183332   131.23471734001512 
12_diethoxyethane   22   175.16446214799998   193.041008125636 
12_dimethoxyethane   16   123.711730486   142.77221798455244 
12_ethanediol   10   75.2954439305   93.997291119649 
135_trichlorobenzene   12   161.44855529749998   170.05856530126937 
135_trimethylbenzene   21   183.33753331000003   189.10112965464597 
13_dichlorobenzene   12   144.39571659333333   155.09862537356042 
13_dichloropropane   11   120.37178158816667   131.26411657306926 
13_dimethylnaphthalene   24   212.25757317916663   210.8041726326462 
14_dichlorobenzene   12   144.319365858   155.09509275231187 
14_dichlorobutane   14   144.072483164   151.7156479103844 
14_dimethyl_piperazine   22   162.5218537655   164.99749901755143 
14_dimethylnaphthalene   24   210.30497732516665   207.31065342921616 
14_dioxane   14   108.61686739800001   121.05950681282384 
1_bromo_2_chloroethane   8   108.73474593433332   122.6311979006015 
1_bromo_2_methylpropane   14   139.53285781633332   143.04395718723404 
1_bromobutane   14   142.61623962833335   151.49026767248262 
1_bromoheptane   23   215.63287268   215.09121790695548 
1_bromohexane   20   191.55993122466663   194.11700110837754 
1_bromooctane   26   240.22386502333336   236.62143631304977 
1_bromopentane   17   167.0549340785   172.94559370655068 
1_bromopropane   11   118.45410519566667   130.40411450290603 
1_chloro_222_trifluoroethane   8   101.83067163316667   115.45356431294692 
1_chlorobutane   14   129.94640613583334   141.97780121763103 
1_chloroheptane   23   202.8699381865   205.42365571333704 
1_chlorohexane   20   178.19586162283332   182.26917343547677 
1_chloropentane   17   154.04967610199998   161.6508598425017 
1_chloropropane   11   105.23110582749999   119.03996278856644 
1_ethylnaphthalene   24   213.50238511866667   208.4349625436244 
1_iodobutane   14   151.54673081616664   158.44350327972808 
1_iodoheptane   23   224.74621495066665   222.3574782857297 
1_iodohexane   20   200.45412053033334   201.23117450105912 
1_iodopentane   17   175.9942291085   180.0336257598824 
1_iodopropane   11   127.37826535816669   137.3983941534686 
1_methyl_imidazole   12   105.05296679883334   120.86795821559383 
1_methyl_pyrrole   13   111.44061985083331   127.3628056534352 
1_methylcyclohexene   19   158.10645789983334   161.2514237084962 
1_methylnaphthalene   21   188.2369504998333   189.51023416389748 
1_naphthol   19   172.79690194283333   176.83445629774548 
1_naphthylamine   20   175.472740516   178.89263597408373 
1_nitrobutane   16   140.74389070799998   152.0436874602048 
1_nitropentane   19   164.95833029316663   172.89033272679245 
1_nitropropane   13   116.63987507166667   131.0289212344154 
222_trifluoroethanol   9   91.80849515183333   107.01051738115515 
224_trimethylpentane   26   203.6056302833333   188.41346744537714 
225_trimethylhexane   29   230.99226332716665   210.96464066314132 
22_dimethylbutane   20   160.5234461915   157.17651703073295 
22_dimethylpentane   23   185.21370891533334   178.44527365286126 
22_dimethylpropane   17   138.0053848655   141.250837077448 
234_trimethylpentane   26   206.79351886083333   190.42798750063847 
23_dimethylbuta_13_diene   16   138.73124815149998   147.6391039669266 
23_dimethylbutane   20   160.32597634116667   157.96715013863493 
23_dimethylnaphthalene   24   213.25250305399996   210.30596773359468 
23_dimethylpentane   23   183.74917866049998   176.07324862789937 
23_dimethylphenol   19   163.13896062233334   168.83263311618427 
23_dimethylpyridine   17   150.05461029266667   158.84923447768037 
24_dimethylpentan_3_one   22   189.40526432266665   182.5769710658485 
24_dimethylpentane   23   180.06307801316666   173.03520968840635 
24_dimethylphenol   19   165.84977695866664   172.76423228617168 
24_dimethylpyridine   17   152.58341349216667   162.63824365692483 
25_dimethylphenol   19   165.52798959433335   172.79769155945723 
25_dimethylpyridine   17   152.58607469233334   163.0348114607067 
25_dimethyltetrahydrofuran   19   155.82241173033333   160.12146879645422 
26_dimethylaniline   20   167.91926567616667   173.01192790656387 
26_dimethylnaphthalene   24   214.45851166266667   214.36060259966808 
26_dimethylphenol   19   165.28224601949998   171.4512139439238 
26_dimethylpyridine   17   153.08186269516665   164.06938768372495 
2_bromo_2_methylpropane   14   143.34309702233332   144.96067897047348 
2_bromopropane   11   118.52694977033333   128.41278031557607 
2_butoxyethanol   22   174.05346184733332   186.42689220591268 
2_chloro_111_trimethoxyethane   20   176.57973353366665   173.3985125038779 
2_chloro_2_methylpropane   14   131.54702229933332   137.29918540828965 
2_chloroaniline   14   137.14269017633333   147.87625258438172 
2_chlorobutane   14   130.15701491866668   139.35596686202436 
2_chlorophenol   13   134.33706365466668   145.6974076187796 
2_chloropropane   11   106.508011969   119.9890393879833 
2_chloropyridine   11   120.9538673605   134.48010514682392 
2_chlorotoluene   15   151.28148892549999   158.96557030217252 
2_ethoxyethanol   16   125.19198459316667   143.48003057333244 
2_ethylpyrazine   16   146.88143398466664   156.02020711523355 
2_ethylpyridine   17   153.55872395066666   161.98052048226302 
2_ethyltoluene   21   181.49369670000002   181.57629564020067 
2_fluorophenol   13   124.91792510899998   137.52620303637252 
2_iodophenol   13   155.81260311866666   161.65595347457807 
2_iodopropane   11   127.74349664300001   135.2004808211077 
2_isobutylpyrazine   22   193.565155376   186.19692590262133 
2_methoxy_111_trimethoxyethane   24   191.31029917233332   192.29613865360918 
2_methoxyaniline   18   153.2118632928333   161.8966409339178 
2_methoxyethanamine   14   102.73851985316668   121.53740802447308 
2_methoxyphenol   17   150.36279527283335   159.88114187141315 
2_methyl_but_2_ene   15   125.61553156966666   139.81798218374803 
2_methylbut_2_ene   15   125.61553156966666   139.81798218374803 
2_methylbuta_13_diene   13   115.417660583   129.49169725956403 
2_methylbutan_1_ol   18   142.43482836933333   147.56788449475908 
2_methylbutan_2_ol   18   144.96327898133333   147.95809065527448 
2_methylbutane   17   136.58214301366664   141.33986328523915 
2_methylhexane   23   185.05261173783333   183.49285568327144 
2_methylpent_1_ene   18   151.80455907266665   159.15888806907842 
2_methylpentan_2_ol   21   169.27014184083333   169.02572319045055 
2_methylpentan_3_ol   21   167.92655531566666   168.26579368935398 
2_methylpentane   20   161.84084207549998   164.61889214819516 
2_methylpropan_1_ol   15   119.14353691883333   129.38909936931094 
2_methylpropan_2_ol   15   121.41070725249998   130.31917151793473 
2_methylpropane   14   114.70255891683333   125.53821169294426 
2_methylpropene   12   103.16126110033333   119.21566056961467 
2_methylpyrazine   13   121.58816411183332   135.17773339759898 
2_methylpyridine   14   128.31228947466664   141.24627975346175 
2_methyltetrahydrofuran   16   128.54800999183334   137.23501474431694 
2_methylthiophene   12   122.09193154783333   135.37657723951742 
2_naphthol   19   173.25383130016667   178.00682331721194 
2_naphthylamine   20   176.1433166293333   180.43443615956744 
2_nitroaniline   16   145.7891611558333   154.99566763707736 
2_nitrophenol   15   143.240544333   153.12608998955758 
2_nitropropane   13   116.49005674933332   128.56427986871418 
2_nitrotoluene   17   158.4718422343333   164.7857272143042 
2_phenylethanol   19   164.8667069123333   171.56262504544372 
2_propoxyethanol   19   149.73187306266664   165.15646530207385 
333_trimethoxypropionitrile   21   182.57143205616666   184.3421801236895 
33_dimethylbutan_2_one   19   161.10572875533333   159.09042268359465 
33_dimethylpentane   23   183.4184800695   172.84746461681107 
34_dimethylphenol   19   164.607357514   169.7124315487436 
34_dimethylpyridine   17   151.13235096949998   157.42744621369232 
35_dimethylphenol   19   166.06276791749997   174.0344058450658 
35_dimethylpyridine   17   152.4970221378333   161.95280962879016 
3_acetylpyridine   16   150.7683418025   159.42732486475836 
3_chloroaniline   14   137.44132234666665   148.79708335237748 
3_chlorophenol   13   134.48741586916665   146.32941591268954 
3_chloroprop_1_ene   9   93.55937890616667   112.07899122265428 
3_chloropyridine   11   120.57609984583333   133.63926233962405 
3_cyanophenol   14   140.50201698233334   153.4108425065462 
3_cyanopyridine   12   126.5200064105   140.86675270919469 
3_ethylphenol   19   167.07824709066665   172.96686562823373 
3_ethylpyridine   17   153.50104006166666   160.60361625905483 
3_formylpyridine   13   126.64886287733333   139.0439019902832 
3_hydroxybenzaldehyde   15   140.51095095533333   151.60726111133621 
3_methoxyaniline   18   149.70628234816667   160.4377756784033 
3_methoxyphenol   17   146.71510210483333   157.9863401593375 
3_methyl_1h_indole   19   168.4963159445   174.38315055958833 
3_methyl_but_1_ene   15   128.25213213133333   139.32862783809946 
3_methylbut_1_ene   15   128.25213213133333   139.32862783809946 
3_methylbutan_1_ol   18   141.96299135333334   146.7028619427005 
3_methylbutan_2_one   16   138.98691090016666   146.57892635594405 
3_methylbutanoic_acid   17   145.3640721978333   150.08165297631874 
3_methylheptane   26   209.436939063   204.2030839719414 
3_methylhexane   23   185.34042020866664   180.29763474218151 
3_methylpentane   20   161.63948640483335   162.30871305181154 
3_methylpyridine   14   128.0693755295   140.1521250359736 
3_nitroaniline   16   147.0385401765   157.06596894468106 
3_nitrophenol   15   144.16040149050002   154.66630466071658 
3_nitrotoluene   17   161.18426166966665   169.7132930897195 
3_phenylpropanol   22   189.0292438746667   192.51297044257308 
4_acetylpyridine   16   150.53723137783334   158.8233392245291 
4_bromophenol   13   147.33604104499997   156.16255170687504 
4_bromotoluene   15   164.48536726   171.15574093706724 
4_chloro_3_methylphenol   16   158.645121771   165.39064152786673 
4_chloroaniline   14   137.37900246116666   148.80339243981246 
4_chlorophenol   13   134.56490735166665   146.45124049492688 
4_cyanophenol   14   140.5299308143333   153.52364289248925 
4_cyanopyridine   12   126.62123581216667   140.72007781342245 
4_ethylphenol   19   167.27033624799998   173.0980320761416 
4_ethylpyridine   17   153.30730595216667   160.21571294970815 
4_ethyltoluene   21   184.404230779   188.07373660325925 
4_fluorophenol   13   125.34954424366666   138.08702712282042 
4_formylpyridine   13   126.49042496433333   138.71109091806636 
4_hydroxybenzaldehyde   15   140.5585882141667   151.65373971962077 
4_isopropyltoluene   24   207.38020849683335   204.79931514645386 
4_methoxyacetophenone   21   186.84067232616667   192.16794194428974 
4_methoxyaniline   18   149.89874791383332   160.5378081653712 
4_methyl_1h_imidazole   12   105.37098361766667   121.35529527049849 
4_methylacetophenone   20   181.74451384099999   186.8592906537953 
4_methylbenzaldehyde   17   157.68211429033335   166.72254238424645 
4_methylpentan_2_ol   21   165.90330604583335   165.34219823957105 
4_methylpentan_2_one   19   163.62293316366666   165.7386114172771 
4_methylpyridine   14   127.8834070195   139.8687724132482 
4_n_propylphenol   22   191.61476707466664   194.3470278130577 
4_nitroaniline   16   146.98713439083332   157.07627052213599 
4_nitrophenol   15   144.23599973533334   154.7997397293425 
4_tert_butylphenol   25   211.49888284266666   201.69186850294034 
E_12_dichloroethene   6   87.39105847483333   106.44366434168734 
E_but_2_enal   11   102.18986816033333   121.06367394407535 
E_hept_2_ene   21   177.02569671916666   186.8274064762312 
E_hex_2_enal   17   151.48152835183333   164.3488945244764 
E_oct_2_enal   23   200.31300831699997   206.88445950848376 
NN_dimethyl_p_methylbenzamide   25   219.23451221   217.08396577409502 
NN_dimethyl_p_nitrobenzamide   24   222.23415275916665   219.66484426106786 
NN_dimethylaniline   20   167.89474571833333   173.71861494146106 
NN_dimethylbenzamide   22   194.6403923845   195.88436729139693 
NN_dimethylformamide   12   98.73521614816667   115.41153494119311 
N_acetylpyrrolidine   19   157.69680418116664   162.93182517377898 
N_methyl_N_222_trifluoroethyl_aniline   23   211.1202353416667   204.29418918622628 
N_methylacetamide   12   99.43022847316666   118.46045961914884 
N_methylaniline   17   143.27955849616666   155.05087078517408 
N_methylmorpholine   18   136.1004976155   143.10979021329877 
N_methylpiperazine   19   138.58832200466665   144.94361478529964 
N_methylpiperidine   20   152.68972429649997   151.98395706853108 
Z_12_dichloroethene   6   87.11298579300001   104.74442065755139 
Z_pent_2_ene   15   126.95513782316665   138.43698925389324 
acenaphthene   22   199.06356519183333   197.05251606496597 
acetaldehyde   7   65.06452217916666   85.1846846706413 
acetic_acid   8   72.41695467866666   91.911788866096 
acetonitrile   6   64.78027973549999   85.16830528741845 
acetophenone   17   157.32696435466664   165.3864650660867 
alpha_methylstyrene   19   170.11439741283334   175.49180500919542 
aniline   14   120.35815484316666   133.73749111697327 
anisole   16   139.80920396283332   151.75945016708454 
anthracene   24   221.33948580833334   217.81325791777647 
azetidine   11   85.04011110249999   101.39994043643478 
benzaldehyde   14   133.34797154299997   145.2690214354574 
benzamide   16   142.8172855135   152.97365695059938 
benzene   12   110.23774636616668   124.9311161789914 
benzonitrile   13   133.2567818158333   147.07033382421415 
benzotrifluoride   15   155.4158512535   162.3387798932961 
benzyl_alcohol   16   139.9585710225   150.74102911029954 
benzyl_bromide   15   163.50530072416666   168.49149232243727 
benzyl_chloride   15   150.5209918605   159.50561413008495 
biphenyl   22   205.7349676793333   207.71859948082994 
bis_2_chloroethyl_ether   15   152.22061339566665   164.34533180815427 
bromobenzene   12   140.08185616916666   149.74924214410413 
bromoethane   8   93.6419046185   108.65820021255723 
bromomethane   5   67.9174976125   85.52987703386813 
bromotrifluoromethane   5   92.41207791916665   106.77733187358841 
but_1_ene   12   104.16444517433334   119.92009268158245 
but_1_yne   10   95.14924458366666   114.35264040540869 
buta_13_diene   10   91.39765068016665   110.52928822611567 
butan_1_ol   15   119.71880168516665   133.05062672054322 
butan_2_ol   15   120.34734647850001   132.23469741047379 
butanenitrile   12   113.735552177   129.26139892931155 
butanoic_acid   14   121.34587460099999   134.4548631635698 
butanone   13   113.87516944966666   127.88345293327635 
butyraldehyde   13   113.87516944966666   127.88345293327635 
chlorobenzene   12   127.30721643066666   140.03302169476922 
chlorodifluoromethane   5   69.77686402616666   88.59865807042604 
chloroethane   8   81.02355730533333   99.04613320030322 
chloroethylene   6   70.953471431   90.41523346394492 
chlorofluoromethane   5   61.601569254833336   80.95762634796193 
chloromethane   5   54.9587169295   74.67683124818785 
cis_12_dimethylcyclohexane   24   190.48413239399997   176.94614289347078 
cyanobenzene   13   133.2567818158333   147.07033382421415 
cyclohepta_135_triene   15   134.15075997283333   144.3634277007921 
cycloheptanol   22   172.84380681049998   166.02657568236782 
cyclohexane   18   145.00639254483332   146.46943655991984 
cyclohexanol   19   150.77244138133332   151.38106037604996 
cyclohexanone   17   145.04645910466664   148.3195033369165 
cyclohexene   16   133.88432257766664   141.15220479411136 
cyclohexylamine   20   153.0170574778333   151.7488626223619 
cyclopentane   15   122.08074366349999   130.6931054177869 
cyclopentanol   16   127.545232481   134.83371294686242 
cyclopentanone   14   121.59778263983333   131.97104036584201 
cyclopentene   13   110.42530146366667   123.7403149421979 
cyclopropane   9   77.39186719133333   95.57961624935774 
decan_1_ol   33   265.8249441841666   260.3110847520056 
decan_2_one   31   260.2779695575   255.92745031109803 
di_isopropyl_sulfide   21   180.90178348233331   179.77534487238123 
di_n_butyl_ether   27   218.31932987833332   225.28663377857163 
di_n_propyl_ether   21   169.87991716116667   183.1028721703762 
di_n_propyl_sulfide   21   183.6635316705   191.95841917578844 
di_n_propylamine   22   172.60314199266668   184.2998069646941 
dibromomethane   5   97.58200484700001   111.02038448160384 
dichloromethane   5   71.59781420049998   90.3305396599113 
diethoxymethoxybenzene   30   259.5876395821666   258.61552956415954 
diethyl_disulfide   16   159.0607128433333   170.30370244404185 
diethyl_ether   15   120.74834047583332   139.6482557423264 
diethyl_malonate   23   203.5211564435   218.62332525367717 
diethyl_succinate   26   228.31786729716669   239.78102180028532 
diethyl_sulfide   15   134.59856031966666   148.7186328316646 
diethylamine   16   123.6861784095   141.08000901320497 
diiodomethane   5   114.557347404   123.74716647163949 
diisopropyl_ether   21   172.9218828905   174.70876810183563 
diisopropylamine   22   170.71394072416666   173.16785078602084 
dimethoxymethane   13   100.76402442   116.56561494285133 
dimethyl_ether   9   69.4749833465   89.31605287436997 
dimethyl_sulfate   13   122.48610920083334   139.36582375232905 
dimethyl_sulfide   9   83.10999754150001   100.82686830835867 
dimethyl_sulfone   11   99.51806362750001   115.57831921133874 
dimethyl_sulfoxide   10   91.40627537133334   108.31729070162693 
dimethylamine   10   71.88338677583333   91.3920126487458 
ethanamide   9   75.16828702983332   94.33626672058031 
ethane   8   65.9309217725   85.77499073686855 
ethanethiol   9   83.29145303483332   100.90038893739947 
ethanol   9   70.88228042366666   90.11656583446941 
ethene   6   54.37297035499999   74.54121929094188 
ethyl_acetate   14   122.55135977333333   141.422362122539 
ethyl_benzoate   21   191.7584437845   199.74149348213132 
ethyl_butanoate   20   171.4332851805   184.04906883407335 
ethyl_formate   11   97.14931805616666   116.27764570301558 
ethyl_hexanoate   26   220.32687528449998   226.47215219116788 
ethyl_pentanoate   23   195.89833974566665   205.26042880294136 
ethyl_phenyl_ether   19   166.85172664499999   177.5817149234034 
ethyl_propanoate   17   147.340696429   162.87794881734334 
ethylamine   10   73.81575372466666   92.74403558859997 
ethylbenzene   18   159.967556068   166.6314344693389 
fluorene   23   212.3831944063333   209.82371861791728 
fluorobenzene   12   118.06096125366668   131.64841753423516 
fluoromethane   5   45.010209962833336   64.82587556037836 
formaldehyde   4   40.09754758933333   59.48666454756817 
halothane   8   130.95566911499998   137.20430159237924 
hept_1_ene   21   176.86661061033334   184.0888876300226 
hept_1_yne   19   168.03585718766664   177.62920467209355 
heptan_1_ol   24   192.823224815   196.68465824873203 
heptan_2_one   22   187.79538830183333   192.56980164280978 
heptan_4_one   22   187.6806813335   192.57482510900002 
heptanal   22   186.5433597345   190.81596710489643 
hex_1_ene   18   152.29230593699998   162.6328545634115 
hex_1_yne   16   143.7212996205   156.51701163244937 
hexa_15_diene   16   142.86975185916666   152.30368465473703 
hexafluoropropene   9   121.95007007166666   133.47111750062453 
hexan_1_ol   21   168.42171871850002   175.54162968922617 
hexan_2_one   19   163.16253948933334   171.43516002442348 
hexan_3_ol   21   168.0692655085   171.98037809353713 
hexanal   19   162.83903617383334   170.49750479313096 
hexanoic_acid   20   170.46302072633333   177.61047236455983 
hydrazine   6   37.92241326866666   56.408594329195324 
imidazole   9   79.85751239433333   97.15307861828815 
indane   19   167.40991887716666   171.32726904705203 
iodobenzene   12   148.8284262945   156.526748489298 
iodoethane   8   102.71820624233331   115.80594161371246 
iodomethane   5   76.71979518500001   93.00722857146269 
isoamyl_acetate   23   193.88933142033335   198.11876014986257 
isoamyl_formate   20   168.36460644183333   172.8230097244665 
isobutyl_acetate   20   172.12836774966664   180.67742011957264 
isobutyl_formate   17   145.652562333   155.59493779083215 
isobutyl_isobutanoate   26   222.07919765499997   220.3594087195661 
isobutylbenzene   24   206.14992498866664   195.6641265932027 
isobutyraldehyde   13   113.790307758   125.68340962844567 
isoflurane   12   149.165353772   156.8303655242542 
isopropyl_acetate   17   148.21195809199997   157.79155039157735 
isopropyl_formate   14   121.58972747383332   134.04150124203431 
m_bis_trifluoromethyl_benzene   18   195.41397364516666   189.15303661687886 
m_cresol   16   141.87719243783332   152.73381758588022 
m_xylene   18   159.06371292983334   167.82000780334292 
methane   5   41.637195276166665   61.530836027792546 
methanesulfonyl_chloride   8   96.56968646600001   113.42348108202928 
methanethiol   6   57.047076287833335   76.59209718183949 
methanol   6   44.9115625915   64.9198906517272 
methoxyflurane   12   142.59774133399998   150.52058499700945 
methyl_acetate   11   96.85854013816666   116.27250647320373 
methyl_benzoate   18   164.73133346516664   175.34785253652683 
methyl_butanoate   17   145.03260218166665   158.5386568832547 
methyl_chloroacetate   11   111.20557353966666   129.121321701368 
methyl_cyanoacetate   12   120.34524484783333   138.41392055933807 
methyl_cyclohexanecarboxylate   24   198.87944662083333   190.17839507461946 
methyl_cyclohexyl_ketone   23   192.50428739099996   184.6512248741005 
methyl_cyclopropanecarboxylate   15   133.38515478233333   147.48081931423303 
methyl_cyclopropyl_ketone   14   125.33338984299999   138.57933537698656 
methyl_ethyl_ether   12   95.09907059966667   114.47814966109212 
methyl_ethyl_sulfide   12   108.960186174   124.76012250219705 
methyl_formate   8   71.66731571283333   91.25356368017532 
methyl_hexanoate   23   194.5385354698333   201.17028219022978 
methyl_isopropyl_ether   15   119.34582508133333   131.52005834544389 
methyl_methanesulfonate   12   111.02291455983334   127.85721232741386 
methyl_octanoate   29   243.06525528816667   243.40777522952718 
methyl_p_methoxybenzoate   22   194.5020861988333   202.21078271765924 
methyl_p_nitrobenzoate   20   191.39609547983332   198.6253181844197 
methyl_pentanoate   20   170.1674299628333   180.02337024479075 
methyl_propanoate   14   121.63160769433333   137.68715265784698 
methyl_propyl_ether   15   119.58650820833333   136.0846436397772 
methyl_t_butyl_ether   18   142.3629193451667   146.30803143846197 
methyl_tert_butyl_ether   18   142.3629193451667   146.30803143846197 
methyl_trifluoroacetate   11   117.85310604916666   133.82521895288124 
methyl_trimethylacetate   20   168.67371725816665   170.74755407885993 
methylamine   7   47.82045455583333   67.69822707629493 
methylcyclohexane   21   168.3023507768333   164.39805766609908 
methylcyclopentane   18   145.874272228   149.50096459201615 
morpholine   15   111.52738923433334   122.8678958648653 
n_butane   14   114.92432079783335   128.38195538500082 
n_butanethiol   15   131.8806483103333   141.89082244632564 
n_butyl_acetate   20   171.54157946933333   184.50791682141622 
n_butylacetamide   21   172.678207234   179.10561007677825 
n_butylamine   16   122.55043045   135.48268248632755 
n_butylbenzene   24   208.33241973166665   208.68615904857393 
n_decane   32   261.4244214105   255.91558781027396 
n_heptane   23   188.15814256716664   192.30988018623472 
n_heptylamine   25   195.65863555033334   199.12618945607528 
n_hexane   20   163.7097719473333   170.71844633524495 
n_hexyl_acetate   26   220.16780310383334   226.88559625765538 
n_hexylamine   22   171.58948200066666   178.21412438138748 
n_hexylbenzene   30   256.810353316   250.75885146626825 
n_nonane   29   236.300053694   234.20693473925184 
n_octane   26   212.38256127016666   213.11030401706216 
n_octylamine   28   219.97377054433332   220.74024331176042 
n_pentane   17   139.37946479   149.58538345547413 
n_pentyl_acetate   23   195.88972001883332   205.67740055506633 
n_pentyl_propanoate   26   220.51823360933332   226.99858591046274 
n_pentylamine   19   146.72740395350002   156.42124217875408 
n_pentylbenzene   27   233.0027442801666   230.2272171542671 
n_pentylcyclopentane   30   242.13569919933335   230.7386994397553 
n_propanethiol   12   107.76021332466667   122.48466977682014 
n_propyl_acetate   17   147.1508897515   163.21926037552277 
n_propyl_butyrate   23   195.97419613166667   205.75186826797415 
n_propyl_formate   14   121.68304555466666   137.995007628292 
n_propyl_propanoate   20   171.73499825800002   184.44987665055837 
n_propylamine   13   98.25100367549999   114.30054400503968 
n_propylbenzene   21   184.30539184583336   187.85510786139372 
n_propylcyclopentane   24   193.62310717699998   188.5734667949789 
naphthalene   18   165.96856678383335   171.63958604784415 
nitrobenzene   14   137.0842824808333   148.46269743370107 
nitroethane   10   91.88250453116667   109.24345288243904 
nitromethane   7   65.8924279955   86.10096603172255 
non_1_ene   27   225.84941295899995   226.9813172302455 
nonan_1_ol   30   241.736670286   239.54256754284177 
nonan_2_one   28   236.17428168433332   234.74340831098556 
nonan_5_one   28   236.32646115116668   235.0160869283875 
nonanal   28   235.7671779115   234.00744355298224 
o_cresol   16   141.49964048633333   151.41789122842854 
o_toluidine   17   144.33388788866665   153.39638041573704 
o_xylene   18   157.41146200766664   163.48241995646273 
oct_1_ene   24   200.93733304466667   204.99740305811605 
oct_1_yne   22   192.44625750116666   198.8463672066335 
octan_1_ol   27   217.01629238766668   217.80610863483525 
octan_2_one   25   212.05517678633333   213.78267757609115 
octanal   25   211.48727310816665   212.89851629703196 
p_cresol   16   141.91344726083332   152.75579195151363 
p_dibromobenzene   12   169.86640972599997   174.5348402065473 
p_toluidine   17   144.77154940616666   155.16024435420718 
p_xylene   18   159.1064843175   167.84420773839264 
pent_1_ene   15   128.0789308075   141.72631885383225 
pent_1_yne   13   119.59983724633334   135.5714690898177 
penta_14_diene   13   116.48674018499999   133.2677162362835 
pentachloroethane   8   150.23852914083332   152.94806517854454 
pentan_1_ol   18   144.02621561033334   154.19506262999766 
pentan_2_ol   18   144.69099235383334   153.34523234481318 
pentan_2_one   16   138.98836408416668   150.4014770425474 
pentan_3_ol   18   144.78625931216666   152.72093898026205 
pentan_3_one   16   139.041721198   150.2261519739913 
pentanal   16   138.1757887275   148.9896804574314 
pentanenitrile   15   138.101475946   150.4845475628931 
pentanoic_acid   17   145.66892140649998   156.02735212567524 
phenanthrene   24   220.6604786763333   215.7982177118647 
phenol   13   117.50169900766669   131.34613942199474 
phenyl_formate   15   145.54504321166667   155.87543525595788 
phenyl_methyl_sulfide   16   155.8189121758333   164.37118009146832 
phenyl_trifluoroethyl_ether   19   185.06859677116668   191.81112044627102 
piperazine   16   114.30096211833332   124.79664323940156 
piperidine   17   129.58208775566666   135.91926725289426 
prop_2_en_1_ol   10   83.43301301866666   102.96958293215154 
propan_1_ol   12   95.39060330166666   111.8378889434286 
propan_2_ol   12   96.29758186199999   112.05044755052626 
propane   11   90.77442879949999   107.34269325372154 
propanenitrile   9   89.50898339366665   108.14221165864772 
propanoic_acid   11   97.02666402199999   113.25523730156354 
propanone   10   89.98622650716666   107.91212543604736 
propene   9   78.88968859883332   98.4041716378755 
propionaldehyde   10   89.62399261616667   106.65422611810463 
propyne   7   70.45489933016667   91.45197752866028 
pyrene   26   239.9488631228333   228.41169663422713 
pyridine   11   103.59532532416665   118.4466647459416 
pyrrole   10   86.49136242416667   104.04858770578188 
pyrrolidine   14   106.15331751483333   118.99504016377287 
quinoline   17   159.485828652   166.2562311245399 
sec_butylbenzene   24   206.753335831   200.01825730381506 
styrene   16   146.94748876366666   157.54314724674066 
teflurane   8   120.67345097350001   129.3003686643056 
tert_butylbenzene   24   204.39856105150002   195.29883584419647 
tetrachloroethene   6   122.80861150766665   136.10796110709265 
tetrachloromethane   5   109.88900302933332   122.80832778027835 
tetrafluoromethane   5   70.286291933   87.90651125305394 
tetrahydrofuran   13   103.94458278399999   117.282455697325 
tetrahydropyran   16   127.24289491833333   134.32947140069217 
thiophene   9   96.56487984249999   111.99670833069911 
thiophenol   13   129.73671741066667   142.04329513942704 
toluene   15   134.69386636066668   146.42977463196013 
trans_14_dimethylcyclohexane   24   191.77701628016666   182.13205162104768 
triacetyl_glycerol   29   254.65669481549997   224.25788902374643 
tribromomethane   5   128.13252184183335   135.46128186815895 
trichloroethene   6   105.00979210083331   121.19449137875736 
trichloromethane   5   89.84371561066666   106.8689912376298 
triethyl_phosphate   26   229.91410362449997   234.66056216681767 
triethylamine   22   168.2518267298333   171.55241236700468 
trimethoxy_methane   17   134.08624634566664   147.48098451944176 
trimethoxymethylbenzene   27   232.17752753949995   217.73122179946185 
trimethyl_phosphate   17   150.57866400383332   160.94007432849577 
trimethylamine   13   96.61336530083334   111.54014629217815 
undecan_2_one   34   285.58308818616666   278.33942357201624 
